115
3 2 3 4
3 5 6 7
4 8 9 10 11
2 12 13 
2 14 15 
5 16 17 18 19 20 
2 21 22 
2 23 24 
2 25 26 
2 27 28 
1 29 
3 30 31 32 
5 33 34 35 36 37 
2 38 39 
2 40 41 
0
2 42 43 
2 44 45 
2 46 47 
1 48 
2 49 50 
0
2 51 52 
2 53 54 
1 55 
3 56 57 58 
0
2 59 60 
2 61 62 
0
2 63 64 
2 65 66 
1 67 
0
2 68 69 
2 70 71 
3 72 73 74 
0
2 75 76 
2 77 78 
0
2 79 80 
1 81 
2 82 83 
0
0
3 84 85 86 
0
0
3 87 88 89 
0
2 90 91 
0
1 92 
0
3 93 94 95 
0
2 96 97 
0
1 98 
2 99 100 
2 101 102 
0
2 103 104 
0
1 105 
1 106 
2 107 108 
0
2 109 110 
0
2 111 112 
1 113 
2 114 115 
0
0
0
0
0
0
0
0
0