1 6 11 10 0,43 0,48 0,55 0,62 0,70 0,75 1,63597  1,73234  1,87686  2,03345  2,22846  2,83973  X=0,702
1,415 1,420 1,425 1,430 1,435 1,440 1,445 1,450 1,455 1,460 1,465 0,888551 0,889599 0,890637 0,891667 0,892687 0,893698 0,894700 0,895693 0,896677 0,897653 0,898619 X1=1,4161; X2=1,4625; X3=1,4135; X4=1,4700;
1,0    1,1    1,2    1,3    1,4    1,5    1,6    1,7    1,8    1,9    0      5      9      13     17     20     24     26     29     32
2 6 11 10 0,02 0,08 0,12 0,17 0,23 0,30 1,02316  1,09590  1,14725  2,21483  2,30120  2,40976  X=0,102
0,101 0,106 0,111 0,116 0,121 0,126 0,131 0,136 0,141 0,146 0,151 1,26153  1,27644  1,29122  1,30617  1,32130  1,33660  1,35207  1,36773  1,38357  1,39959  1,41579  X1=0,1026; X2=0,1440; X3=0,099; X4=0,1610;
2,0    2,2    2,4    2,6    2,8    3,0    3,2    3,4    3,6    3,8    1,20   1,38   1,58   1,82   2,09   2,40   2,80   3,17   3,64   4,18
3 6 11 10 0,35 0,41 0,47 0,51 0,56 0,64 2,73951  2,30080  1,96864  1,78776  1,59502  1,34310  X=0,526
0,15  0,20  0,25  0,30  0,35  0,40  0,45  0,50  0,55  0,60  0,65  0,860708 0,818731 0,778801 0,740818 0,704688 0,670320 0,637628 0,606531 0,576950 0,548812 0,522046 X1=0,1511; X2=0,6340; X3=0,143; X4=0,673;
0,1    0,2    0,3    0,4    0,5    0,6    0,7    0,8    0,9    1,0    1,91   3,03   3,98   4,82   5,59   6,31   7,00   7,65   8,27   8,88
4 6 12 10 0,41 0,46 0,52 0,60 0,65 0,72 2,57418  2,32513  2,09336  1,86203  1,74926  1,62098  X=0,616
0,180 0,185 0,190 0,195 0,200 0,205 0,210 0,215 0,220 0,225 0,230 0,235 5,61543  5,46698  5,32634  5,19304  5,06649  4,94619  4,83170  4,72261  4,61855  4,51912  4,42422  4,33337  X1=0,1817; X2=0,2275; X3=0,175; X4=0,2375;
4,0    4,1    4,2    4,3    4,4    4,5    4,6    4,7    4,8    4,9    128    147    169    194    223    256    294    338    388    446
5 6 15 6 0,68 0,73 0,80 0,88 0,93 0,99 0,80866  0,89492  1,02964  1,20966  1,34087  1,52368  X=0,896
3,50  3,55  3,60  3,65  3,70  3,75  3,80  3,85  3,90  3,95  4,00  4,05  4,10  4,15  4,20  33,1154  34,8138  36,5982  38,4747  40,4473  42,5211  44,7012  46,9931  49,4024  51,9354  54,5982  57,3975  60,3403  63,4340  66,6863  X1=3,522; X2=4,176; X3=3,475; X4=4,250;
3,0    3,1    3,2    3,3    3,4    3,5    12,5   14,7   17,2   20,2   23,8   28,0
6 6 14 7 0,11 0,15 0,21 0,29 0,35 0,40 9,05421  6,61659  4,69170  3,35106  2,73951  2,36522  X=0,314
0,115 0,120 0,125 0,130 0,135 0,140 0,145 0,150 0,155 0,160 0,165 0,170 0,175 0,180 8,65729  8,29329  7,95829  7,64893  7,36235  7,09613  6,84815  6,61659  6,39986  6,19658  6,00551  5,82558  5,65583  5,49543  X1=0,1217; X2=0,1736; X3=0,1141; X4=0,1850;
2,1    2,2    2,3    2,4    2,5    2,6    2,7    6,5    7,0    7,6    8,2    8,8    9,4    10,0
7 6 12 6 0,05 0,10 0,17 0,25 0,30 0,36 0,050042 0,100335 0,171657 0,255342 0,309336 2,376403 X=0,263
1,340 1,345 1,350 1,355 1,360 1,365 1,370 1,375 1,380 1,385 1,390 1,395 4,25562  4,35325  4,45522  4,56184  4,67344  4,79038  4,91306  5,04192  5,17744  5,32016  5,47069  5,62968  X1=1,3617; X2=1,3921; X3=1,3359; X4=1,400;
4,0    4,1    4,2    4,3    4,4    4,5    1,23   1,28   1,33   1,38   1,44   1,49
8 7 12 6 0,62 0,67 0,74 0,80 0,87 0,96 0,99 0,537944 0,511709 0,477114 0,449329 0,418952 0,382893 0,371577 X=0,643
0,01  0,06  0,11  0,16  0,21  0,26  0,31  0,36  0,41  0,46  0,51  0,56  0,991824 0,951935 0,913650 0,876905 0,841638 0,807789 0,775301 0,744120 0,714198 0,685470 0,657902 0,631442 X1=0,027; X2=0,525; X3=0,008; X4=0,610;
1      2      3      4      5      6      61,0   66,0   71,2   79,6   82,0   87,7
9 7 12 6 1,03 1,08 1,16 1,23 1,26 1,33 1,39 2,80107  2,94408  3,18993  3,42123  3,52542  3,78104  4,01485  X=1,277
0,15  0,16  0,17  0,18  0,19  0,20  0,21  0,22  0,23  0,24  0,25  0,26  4,4817   4,9530   5,4739   6,0496   6,6859   7,3891   8,1662   9,0250   9,9742   11,0232  12,1825  13,4637  X1=0,1539; X2=0,2569; X3=0,1400; X4=0,2665;
4,0    4,1    4,2    4,3    4,4    4,5    64     73     85     97     112    128
10 6 12 6 0,10 0,20 0,29 0,40 0,49 0,55 1,66448  1,66071  1,65734  1,65322  1,64987  1,64764  X=0,153
0,45  0,46  0,47  0,48  0,49  0,50  0,51  0,52  0,53  0,54  0,55  0,56  20,1946  19,6133  18,9425  18,1746  17,3010  16,3123  15,1984  13,9484  12,5508  10,9987  9,2647   7,3510   X1=0,455; X2=0,5575; X3=0,440; X4=0,5674;
3,0    3,1    3,2    3,3    3,4    3,5    25,0   29,4   34,4   40,4   47,6   56,0
11 6 11 4 0,43 0,48 0,55 0,62 0,70 0,75 1,63597  1,73234  1,87686  2,03345  2,22846  2,83973  X=0,512
1,415 1,420 1,425 1,430 1,435 1,440 1,445 1,450 1,455 1,460 1,465 0,888551 0,889599 0,890637 0,891667 0,892687 0,893698 0,894700 0,895693 0,896677 0,897653 0,898619 X1=1,4179; X2=1,4633; X3=1,4124; X4=1,4655;
1      2      3      4      623    676    746    829
12 6 11 10 0,02 0,08 0,12 0,17 0,23 0,30 1,02316  1,09590  1,14725  2,21483  2,30120  2,40976  X=0,114
0,101 0,106 0,111 0,116 0,121 0,126 0,131 0,136 0,141 0,146 0,151 1,26153  1,27644  1,29122  1,30617  1,32130  1,33660  1,35207  1,36773  1,38357  1,39959  1,41579  X1=0,1035; X2=0,1492; X3=0,096; X4=0,1530;
5,0    5,1    5,2    5,3    5,4    5,5    5,6    5,7    5,8    5,9    1,78   1,84   1,90   1,96   2,03   2,09   2,15   2,22   2,28   2,35
13 6 11 10 0,35 0,41 0,47 0,51 0,56 0,64 2,73951  2,30080  1,96864  1,78776  1,59502  1,34310  X=0,453
0,15  0,20  0,25  0,30  0,35  0,40  0,45  0,50  0,55  0,60  0,65  0,860708 0,818731 0,778801 0,740818 0,704688 0,670320 0,637628 0,606531 0,576950 0,548812 0,522046 X1=0,1535; X2=0,6247; X3=0,1317; X4=0,6672;
10     11     12     13     14     15     16     17     18     19     95     116    139    163    190    219    250    283    319    355
14 6 12 10 0,41 0,46 0,52 0,60 0,65 0,72 2,57418  2,32513  2,09336  1,86203  1,74926  1,62098  X=0,478
0,180 0,185 0,190 0,195 0,200 0,205 0,210 0,215 0,220 0,225 0,230 0,235 5,61543  5,46698  5,32634  5,19304  5,06649  4,94619  4,83170  4,72261  4,61855  4,51912  4,42422  4,33337  X1=0,1827; X2=0,2292; X3=0,1776; X4=0,2405;
5,0    5,2    5,4    5,6    5,8    6,0    6,2    6,4    6,6    6,8    20,2   22,1   24,1   26,2   28,3   30,6   33,0   35,4   37,9   40,5
15 6 15 10 0,68 0,73 0,80 0,88 0,93 0,99 0,80866  0,89492  1,02964  1,20966  1,34087  1,52368  X=0,812
3,50  3,55  3,60  3,65  3,70  3,75  3,80  3,85  3,90  3,95  4,00  4,05  4,10  4,15  4,20  33,1154  34,8138  36,5982  38,4747  40,4473  42,5211  44,7012  46,9931  49,4024  51,9354  54,5982  57,3975  60,3403  63,4340  66,6863  X1=3,5328; X2=4,1328; X3=3,4682; X4=4,2153;
7,0    7,1    7,2    7,3    7,4    7,5    7,6    7,7    7,8    7,9    41,2   42,6   43,9   45,3   46,8   48,2   49,6   51,1   52,6   54,1
16 6 14 10 0,11 0,15 0,21 0,29 0,35 0,40 9,05421  6,61659  4,69170  3,35106  2,73951  2,36522  X=0,235
0,115 0,120 0,125 0,130 0,135 0,140 0,145 0,150 0,155 0,160 0,165 0,170 0,175 0,180 8,65729  8,29329  7,95829  7,64893  7,36235  7,09613  6,84815  6,61659  6,39986  6,19658  6,00551  5,82558  5,65583  5,49543  X1=0,1168; X2=0,1745; X3=0,110; X4=0,1825;
1,0    1,1    1,2    1,3    1,4    1,5    1,6    1,7    1,8    1,9    0      5      9      13     17     20     24     26     29     32
17 6 12 10 0,05 0,10 0,17 0,25 0,30 0,36 0,050042 0,100335 0,171657 0,255342 0,309336 2,376403 X=0,154
1,340 1,345 1,350 1,355 1,360 1,365 1,370 1,375 1,380 1,385 1,390 1,395 4,25562  4,35325  4,45522  4,56184  4,67344  4,79038  4,91306  5,04192  5,17744  5,32016  5,47069  5,62968  X1=1,3463; X2=1,3868; X3=1,3350; X4=1,3990;
2,0    2,2    2,4    2,6    2,8    3,0    3,2    3,4    3,6    3,8    1,20   1,38   1,58   1,82   2,09   2,40   2,80   3,17   3,64   4,18
18 7 12 10 0,62 0,67 0,74 0,80 0,87 0,96 0,99 0,537944 0,511709 0,477114 0,449329 0,418952 0,382893 0,371577 X=0,692
0,01  0,06  0,11  0,16  0,21  0,26  0,31  0,36  0,41  0,46  0,51  0,56  0,991824 0,951935 0,913650 0,876905 0,841638 0,807789 0,775301 0,744120 0,714198 0,685470 0,657902 0,631442 X1=0,1243; X2=0,492; X3=0,0024; X4=0,660;
0,1    0,2    0,3    0,4    0,5    0,6    0,7    0,8    0,9    1,0    1,91   3,03   3,98   4,82   5,59   6,31   7,00   7,65   8,27   8,88
19 7 12 10 1,03 1,08 1,16 1,23 1,26 1,33 1,39 2,80107  2,94408  3,18993  3,42123  3,52542  3,78104  4,01485  X=1,118
0,15  0,16  0,17  0,18  0,19  0,20  0,21  0,22  0,23  0,24  0,25  0,26  4,4817   4,9530   5,4739   6,0496   6,6859   7,3891   8,1662   9,0250   9,9742   11,0232  12,1825  13,4637  X1=0,1732; X2=0,2444; X3=0,1415; X4=0,270;
4,0    4,1    4,2    4,3    4,4    4,5    4,6    4,7    4,8    4,9    128    147    169    194    223    256    294    338    388    446
20 6 12 6 0,10 0,20 0,29 0,40 0,49 0,55 1,66448  1,66071  1,65734  1,65322  1,64987  1,64764  X=0,248
0,45  0,46  0,47  0,48  0,49  0,50  0,51  0,52  0,53  0,54  0,55  0,56  20,1946  19,6133  18,9425  18,1746  17,3010  16,3123  15,1984  13,9484  12,5508  10,9987  9,2647   7,3510   X1=0,4732; X2=0,5568; X3=0,4450; X4=0,570;
3,0    3,1    3,2    3,3    3,4    3,5    12,5   14,7   17,2   20,2   23,8   28,0
21 6 11 7 0,43 0,48 0,55 0,62 0,70 0,75 1,63597  1,73234  1,87686  2,03345  2,22846  2,83973  X=0,645
1,415 1,420 1,425 1,430 1,435 1,440 1,445 1,450 1,455 1,460 1,465 0,888551 0,889599 0,890637 0,891667 0,892687 0,893698 0,894700 0,895693 0,896677 0,897653 0,898619 X1=1,4263; X2=1,4575; X3=1,410; X4=1,4662;
2,1    2,2    2,3    2,4    2,5    2,6    2,7    6,5    7,0    7,6    8,2    8,8    9,4    10,0
22 6 11 6 0,02 0,08 0,12 0,17 0,23 0,30 1,02316  1,09590  1,14725  2,21483  2,30120  2,40976  X=0,125
0,101 0,106 0,111 0,116 0,121 0,126 0,131 0,136 0,141 0,146 0,151 1,26153  1,27644  1,29122  1,30617  1,32130  1,33660  1,35207  1,36773  1,38357  1,39959  1,41579  X1=0,1074; X2=0,1485; X3=0,1006; X4=0,1560;
4,0    4,1    4,2    4,3    4,4    4,5    1,23   1,28   1,33   1,38   1,44   1,49
23 6 11 6 0,35 0,41 0,47 0,51 0,56 0,64 2,73951  2,30080  1,96864  1,78776  1,59502  1,34310  X=0,482
0,15  0,20  0,25  0,30  0,35  0,40  0,45  0,50  0,55  0,60  0,65  0,860708 0,818731 0,778801 0,740818 0,704688 0,670320 0,637628 0,606531 0,576950 0,548812 0,522046 X1=0,1527; X2=0,6184; X3=0,1248; X4=0,6873;
1      2      3      4      5      6      61,0   66,0   71,2   79,6   82,0   87,7
24 6 12 6 0,41 0,46 0,52 0,60 0,65 0,72 2,57418  2,32513  2,09336  1,86203  1,74926  1,62098  X=0,665
0,180 0,185 0,190 0,195 0,200 0,205 0,210 0,215 0,220 0,225 0,230 0,235 5,61543  5,46698  5,32634  5,19304  5,06649  4,94619  4,83170  4,72261  4,61855  4,51912  4,42422  4,33337  X1=0,1873; X2=0,2326; X3=0,1783; X4=0,2450;
4,0    4,1    4,2    4,3    4,4    4,5    64     73     85     97     112    128
25 6 15 6 0,68 0,73 0,80 0,88 0,93 0,99 0,80866  0,89492  1,02964  1,20966  1,34087  1,52368  X=0,774
3,50  3,55  3,60  3,65  3,70  3,75  3,80  3,85  3,90  3,95  4,00  4,05  4,10  4,15  4,20  33,1154  34,8138  36,5982  38,4747  40,4473  42,5211  44,7012  46,9931  49,4024  51,9354  54,5982  57,3975  60,3403  63,4340  66,6863  X1=3,575; X2=4,142; X3=3,4682; X4=4,2153;
3,0    3,1    3,2    3,3    3,4    3,5    25,0   29,4   34,4   40,4   47,6   56,0
26 6 14 4 0,11 0,15 0,21 0,29 0,35 0,40 9,05421  6,61659  4,69170  3,35106  2,73951  2,36522  X=0,332
0,115 0,120 0,125 0,130 0,135 0,140 0,145 0,150 0,155 0,160 0,165 0,170 0,175 0,180 8,65729  8,29329  7,95829  7,64893  7,36235  7,09613  6,84815  6,61659  6,39986  6,19658  6,00551  5,82558  5,65583  5,49543  X1=0,1175; X2=0,1773; X3=0,1134; X4=0,190;
1      2      3      4      623    676    746    829
27 6 12 10 0,05 0,10 0,17 0,25 0,30 0,36 0,050042 0,100335 0,171657 0,255342 0,309336 2,376403 X=0,198
1,340 1,345 1,350 1,355 1,360 1,365 1,370 1,375 1,380 1,385 1,390 1,395 4,25562  4,35325  4,45522  4,56184  4,67344  4,79038  4,91306  5,04192  5,17744  5,32016  5,47069  5,62968  X1=1,3432; X2=1,3936; X3=1,3365; X4=1,3975;
5,0    5,1    5,2    5,3    5,4    5,5    5,6    5,7    5,8    5,9    1,78   1,84   1,90   1,96   2,03   2,09   2,15   2,22   2,28   2,35
28 7 12 10 0,62 0,67 0,74 0,80 0,87 0,96 0,99 0,537944 0,511709 0,477114 0,449329 0,418952 0,382893 0,371577 X=0,725
0,01  0,06  0,11  0,16  0,21  0,26  0,31  0,36  0,41  0,46  0,51  0,56  0,991824 0,951935 0,913650 0,876905 0,841638 0,807789 0,775301 0,744120 0,714198 0,685470 0,657902 0,631442 X1=0,083; X2=0,5454; X3=0,0075; X4=0,573;
10     11     12     13     14     15     16     17     18     19     95     116    139    163    190    219    250    283    319    355
29 7 12 10 1,03 1,08 1,16 1,23 1,26 1,33 1,39 2,80107  2,94408  3,18993  3,42123  3,52542  3,78104  4,01485  X=1,204
0,15  0,16  0,17  0,18  0,19  0,20  0,21  0,22  0,23  0,24  0,25  0,26  4,4817   4,9530   5,4739   6,0496   6,6859   7,3891   8,1662   9,0250   9,9742   11,0232  12,1825  13,4637  X1=0,1648; X2=0,2550; X3=0,1387; X4=0,280;
5,0    5,2    5,4    5,6    5,8    6,0    6,2    6,4    6,6    6,8    20,2   22,1   24,1   26,2   28,3   30,6   33,0   35,4   37,9   40,5
30 6 12 10 0,10 0,20 0,29 0,40 0,49 0,55 1,66448  1,66071  1,65734  1,65322  1,64987  1,64764  X=0,367
0,45  0,46  0,47  0,48  0,49  0,50  0,51  0,52  0,53  0,54  0,55  0,56  20,1946  19,6133  18,9425  18,1746  17,3010  16,3123  15,1984  13,9484  12,5508  10,9987  9,2647   7,3510   X1=0,4675; X2=0,5511; X3=0,4423; X4=0,580;
7,0    7,1    7,2    7,3    7,4    7,5    7,6    7,7    7,8    7,9    41,2   42,6   43,9   45,3   46,8   48,2   49,6   51,1   52,6   54,1
31 6 11 10 0,43 0,48 0,55 0,62 0,70 0,75 1,63597  1,73234  1,87686  2,03345  2,22846  2,83973  X=0,736
1,415 1,420 1,425 1,430 1,435 1,440 1,445 1,450 1,455 1,460 1,465 0,888551 0,889599 0,890637 0,891667 0,892687 0,893698 0,894700 0,895693 0,896677 0,897653 0,898619 X1=1,4172; X2=1,4612; X3=1,4121; X4=1,4668;
1,0    1,1    1,2    1,3    1,4    1,5    1,6    1,7    1,8    1,9    0      5      9      13     17     20     24     26     29     32
32 6 11 10 0,02 0,08 0,12 0,17 0,23 0,30 1,02316  1,09590  1,14725  2,21483  2,30120  2,40976  X=0,208
0,101 0,106 0,111 0,116 0,121 0,126 0,131 0,136 0,141 0,146 0,151 1,26153  1,27644  1,29122  1,30617  1,32130  1,33660  1,35207  1,36773  1,38357  1,39959  1,41579  X1=0,1053; X2=0,1432; X3=0,095; X4=0,1521;
2,0    2,2    2,4    2,6    2,8    3,0    3,2    3,4    3,6    3,8    1,20   1,38   1,58   1,82   2,09   2,40   2,80   3,17   3,64   4,18
33 6 11 10 0,35 0,41 0,47 0,51 0,56 0,64 2,73951  2,30080  1,96864  1,78776  1,59502  1,34310  X=0,552
0,15  0,20  0,25  0,30  0,35  0,40  0,45  0,50  0,55  0,60  0,65  0,860708 0,818731 0,778801 0,740818 0,704688 0,670320 0,637628 0,606531 0,576950 0,548812 0,522046 X1=0,1547; X2=0,6328; X3=0,1372; X4=0,6793;
0,1    0,2    0,3    0,4    0,5    0,6    0,7    0,8    0,9    1,0    1,91   3,03   3,98   4,82   5,59   6,31   7,00   7,65   8,27   8,88
34 6 12 10 0,41 0,46 0,52 0,60 0,65 0,72 2,57418  2,32513  2,09336  1,86203  1,74926  1,62098  X=0,537
0,180 0,185 0,190 0,195 0,200 0,205 0,210 0,215 0,220 0,225 0,230 0,235 5,61543  5,46698  5,32634  5,19304  5,06649  4,94619  4,83170  4,72261  4,61855  4,51912  4,42422  4,33337  X1=0,1829; X2=0,2328; X3=0,1746; X4=0,2456;
4,0    4,1    4,2    4,3    4,4    4,5    4,6    4,7    4,8    4,9    128    147    169    194    223    256    294    338    388    446
35 6 15 6 0,68 0,73 0,80 0,88 0,93 0,99 0,80866  0,89492  1,02964  1,20966  1,34087  1,52368  X=0,955
3,50  3,55  3,60  3,65  3,70  3,75  3,80  3,85  3,90  3,95  4,00  4,05  4,10  4,15  4,20  33,1154  34,8138  36,5982  38,4747  40,4473  42,5211  44,7012  46,9931  49,4024  51,9354  54,5982  57,3975  60,3403  63,4340  66,6863  X1=3,5324; X2=4,1328; X3=3,4682; X4=4,2153;
3,0    3,1    3,2    3,3    3,4    3,5    12,5   14,7   17,2   20,2   23,8   28,0
36 6 14 7 0,11 0,15 0,21 0,29 0,35 0,40 9,05421  6,61659  4,69170  3,35106  2,73951  2,36522  X=0,275
0,115 0,120 0,125 0,130 0,135 0,140 0,145 0,150 0,155 0,160 0,165 0,170 0,175 0,180 8,65729  8,29329  7,95829  7,64893  7,36235  7,09613  6,84815  6,61659  6,39986  6,19658  6,00551  5,82558  5,65583  5,49543  X1=0,1193; X2=0,1768; X3=0,1138; X4=0,1832;
2,1    2,2    2,3    2,4    2,5    2,6    2,7    6,5    7,0    7,6    8,2    8,8    9,4    10,0
37 6 12 6 0,05 0,10 0,17 0,25 0,30 0,36 0,050042 0,100335 0,171657 0,255342 0,309336 2,376403 X=0,275
1,340 1,345 1,350 1,355 1,360 1,365 1,370 1,375 1,380 1,385 1,390 1,395 4,25562  4,35325  4,45522  4,56184  4,67344  4,79038  4,91306  5,04192  5,17744  5,32016  5,47069  5,62968  X1=1,3428; X2=1,3933; X3=1,3365; X4=1,3975;
4,0    4,1    4,2    4,3    4,4    4,5    1,23   1,28   1,33   1,38   1,44   1,49
38 7 12 6 0,62 0,67 0,74 0,80 0,87 0,96 0,99 0,537944 0,511709 0,477114 0,449329 0,418952 0,382893 0,371577 X=0,758
0,01  0,06  0,11  0,16  0,21  0,26  0,31  0,36  0,41  0,46  0,51  0,56  0,991824 0,951935 0,913650 0,876905 0,841638 0,807789 0,775301 0,744120 0,714198 0,685470 0,657902 0,631442 X1=0,0743; X2=0,5328; X3=0,0034; X4=0,5824;
1      2      3      4      5      6      61,0   66,0   71,2   79,6   82,0   87,7
39 7 12 6 1,03 1,08 1,16 1,23 1,26 1,33 1,39 2,80107  2,94408  3,18993  3,42123  3,52542  3,78104  4,01485  X=1,255
0,15  0,16  0,17  0,18  0,19  0,20  0,21  0,22  0,23  0,24  0,25  0,26  4,4817   4,9530   5,4739   6,0496   6,6859   7,3891   8,1662   9,0250   9,9742   11,0232  12,1825  13,4637  X1=0,1543; X2=0,2535; X3=0,1328; X4=0,2731;
4,0    4,1    4,2    4,3    4,4    4,5    64     73     85     97     112    128
40 6 12 6 0,10 0,20 0,29 0,40 0,49 0,55 1,66448  1,66071  1,65734  1,65322  1,64987  1,64764  X=0,526
0,45  0,46  0,47  0,48  0,49  0,50  0,51  0,52  0,53  0,54  0,55  0,56  20,1946  19,6133  18,9425  18,1746  17,3010  16,3123  15,1984  13,9484  12,5508  10,9987  9,2647   7,3510   X1=0,4652; X2=0,5428; X3=0,4324; X4=0,5634;
3,0    3,1    3,2    3,3    3,4    3,5    25,0   29,4   34,4   40,4   47,6   56,0
41 6 11 4 0,43 0,48 0,55 0,62 0,70 0,75 1,63597  1,73234  1,87686  2,03345  2,22846  2,83973  X=0,608
1,415 1,420 1,425 1,430 1,435 1,440 1,445 1,450 1,455 1,460 1,465 0,888551 0,889599 0,890637 0,891667 0,892687 0,893698 0,894700 0,895693 0,896677 0,897653 0,898619 X1=1,4167; X2=1,4592; X3=1,4139; X4=1,4672;
1      2      3      4      623    676    746    829
42 6 11 10 0,02 0,08 0,12 0,17 0,23 0,30 1,02316  1,09590  1,14725  2,21483  2,30120  2,40976  X=0,154
0,101 0,106 0,111 0,116 0,121 0,126 0,131 0,136 0,141 0,146 0,151 1,26153  1,27644  1,29122  1,30617  1,32130  1,33660  1,35207  1,36773  1,38357  1,39959  1,41579  X1=0,1062; X2=0,1473; X3=0,1009; X4=0,1542;
5,0    5,1    5,2    5,3    5,4    5,5    5,6    5,7    5,8    5,9    1,78   1,84   1,90   1,96   2,03   2,09   2,15   2,22   2,28   2,35
43 6 11 10 0,35 0,41 0,47 0,51 0,56 0,64 2,73951  2,30080  1,96864  1,78776  1,59502  1,34310  X=0,436
0,15  0,20  0,25  0,30  0,35  0,40  0,45  0,50  0,55  0,60  0,65  0,860708 0,818731 0,778801 0,740818 0,704688 0,670320 0,637628 0,606531 0,576950 0,548812 0,522046 X1=0,1412; X2=0,6108; X3=0,1719; X4=0,6734;
10     11     12     13     14     15     16     17     18     19     95     116    139    163    190    219    250    283    319    355
44 6 12 10 0,41 0,46 0,52 0,60 0,65 0,72 2,57418  2,32513  2,09336  1,86203  1,74926  1,62098  X=0,673
0,180 0,185 0,190 0,195 0,200 0,205 0,210 0,215 0,220 0,225 0,230 0,235 5,61543  5,46698  5,32634  5,19304  5,06649  4,94619  4,83170  4,72261  4,61855  4,51912  4,42422  4,33337  X1=0,1752; X2=0,2283; X3=0,1868; X4=0,2435;
5,0    5,2    5,4    5,6    5,8    6,0    6,2    6,4    6,6    6,8    20,2   22,1   24,1   26,2   28,3   30,6   33,0   35,4   37,9   40,5
45 6 15 10 0,68 0,73 0,80 0,88 0,93 0,99 0,80866  0,89492  1,02964  1,20966  1,34087  1,52368  X=0,715
3,50  3,55  3,60  3,65  3,70  3,75  3,80  3,85  3,90  3,95  4,00  4,05  4,10  4,15  4,20  33,1154  34,8138  36,5982  38,4747  40,4473  42,5211  44,7012  46,9931  49,4024  51,9354  54,5982  57,3975  60,3403  63,4340  66,6863  X1=3,467; X2=4,114; X3=3,583; X4=4,231;
7,0    7,1    7,2    7,3    7,4    7,5    7,6    7,7    7,8    7,9    41,2   42,6   43,9   45,3   46,8   48,2   49,6   51,1   52,6   54,1
46 6 14 10 0,11 0,15 0,21 0,29 0,35 0,40 9,05421  6,61659  4,69170  3,35106  2,73951  2,36522  X=0,186
0,115 0,120 0,125 0,130 0,135 0,140 0,145 0,150 0,155 0,160 0,165 0,170 0,175 0,180 8,65729  8,29329  7,95829  7,64893  7,36235  7,09613  6,84815  6,61659  6,39986  6,19658  6,00551  5,82558  5,65583  5,49543  X1=0,1097; X2=0,173; X3=0,1243; X4=0,1862;
1,0    1,1    1,2    1,3    1,4    1,5    1,6    1,7    1,8    1,9    0      5      9      13     17     20     24     26     29     32
47 6 12 10 0,05 0,10 0,17 0,25 0,30 0,36 0,050042 0,100335 0,171657 0,255342 0,309336 2,376403 X=0,324
1,340 1,345 1,350 1,355 1,360 1,365 1,370 1,375 1,380 1,385 1,390 1,395 4,25562  4,35325  4,45522  4,56184  4,67344  4,79038  4,91306  5,04192  5,17744  5,32016  5,47069  5,62968  X1=1,3372; X2=1,3882; X3=1,3467; X4=1,4207;
2,0    2,2    2,4    2,6    2,8    3,0    3,2    3,4    3,6    3,8    1,20   1,38   1,58   1,82   2,09   2,40   2,80   3,17   3,64   4,18
48 7 12 10 0,62 0,67 0,74 0,80 0,87 0,96 0,99 0,537944 0,511709 0,477114 0,449329 0,418952 0,382893 0,371577 X=0,842
0,01  0,06  0,11  0,16  0,21  0,26  0,31  0,36  0,41  0,46  0,51  0,56  0,991824 0,951935 0,913650 0,876905 0,841638 0,807789 0,775301 0,744120 0,714198 0,685470 0,657902 0,631442 X1=0,039; X2=0,5047; X3=0,0073; X4=0,5743;
0,1    0,2    0,3    0,4    0,5    0,6    0,7    0,8    0,9    1,0    1,91   3,03   3,98   4,82   5,59   6,31   7,00   7,65   8,27   8,88
49 7 12 10 1,03 1,08 1,16 1,23 1,26 1,33 1,39 2,80107  2,94408  3,18993  3,42123  3,52542  3,78104  4,01485  X=1,282
0,15  0,16  0,17  0,18  0,19  0,20  0,21  0,22  0,23  0,24  0,25  0,26  4,4817   4,9530   5,4739   6,0496   6,6859   7,3891   8,1662   9,0250   9,9742   11,0232  12,1825  13,4637  X1=0,1238; X2=0,2473; X3=0,1643; X4=0,2807;
4,0    4,1    4,2    4,3    4,4    4,5    4,6    4,7    4,8    4,9    128    147    169    194    223    256    294    338    388    446
50 6 12 6 0,10 0,20 0,29 0,40 0,49 0,55 1,66448  1,66071  1,65734  1,65322  1,64987  1,64764  X=0,437
0,45  0,46  0,47  0,48  0,49  0,50  0,51  0,52  0,53  0,54  0,55  0,56  20,1946  19,6133  18,9425  18,1746  17,3010  16,3123  15,1984  13,9484  12,5508  10,9987  9,2647   7,3510   X1=0,4328; X2=0,5418; X3=0,4672; X4=0,5743;
3,0    3,1    3,2    3,3    3,4    3,5    12,5   14,7   17,2   20,2   23,8   28,0
51 6 11 7 0,43 0,48 0,55 0,62 0,70 0,75 1,63597  1,73234  1,87686  2,03345  2,22846  2,83973  X=0,527
1,415 1,420 1,425 1,430 1,435 1,440 1,445 1,450 1,455 1,460 1,465 0,888551 0,889599 0,890637 0,891667 0,892687 0,893698 0,894700 0,895693 0,896677 0,897653 0,898619 X1=1,4183; X2=1,4637; X3=1,414; X4=1,4683;
2,1    2,2    2,3    2,4    2,5    2,6    2,7    6,5    7,0    7,6    8,2    8,8    9,4    10,0
52 6 11 6 0,02 0,08 0,12 0,17 0,23 0,30 1,02316  1,09590  1,14725  2,21483  2,30120  2,40976  X=0,227
0,101 0,106 0,111 0,116 0,121 0,126 0,131 0,136 0,141 0,146 0,151 1,26153  1,27644  1,29122  1,30617  1,32130  1,33660  1,35207  1,36773  1,38357  1,39959  1,41579  X1=0,1053; X2=0,1437; X3=0,0938; X4=0,1538;
4,0    4,1    4,2    4,3    4,4    4,5    1,23   1,28   1,33   1,38   1,44   1,49
53 6 11 6 0,35 0,41 0,47 0,51 0,56 0,64 2,73951  2,30080  1,96864  1,78776  1,59502  1,34310  X=0,532
0,15  0,20  0,25  0,30  0,35  0,40  0,45  0,50  0,55  0,60  0,65  0,860708 0,818731 0,778801 0,740818 0,704688 0,670320 0,637628 0,606531 0,576950 0,548812 0,522046 X1=0,1328; X2=0,6234; X3=0,2147; X4=0,6729;
1      2      3      4      5      6      61,0   66,0   71,2   79,6   82,0   87,7
54 6 12 6 0,41 0,46 0,52 0,60 0,65 0,72 2,57418  2,32513  2,09336  1,86203  1,74926  1,62098  X=0,628
0,180 0,185 0,190 0,195 0,200 0,205 0,210 0,215 0,220 0,225 0,230 0,235 5,61543  5,46698  5,32634  5,19304  5,06649  4,94619  4,83170  4,72261  4,61855  4,51912  4,42422  4,33337  X1=0,1643; X2=0,2287; X3=0,1893; X4=0,2462;
4,0    4,1    4,2    4,3    4,4    4,5    64     73     85     97     112    128
55 6 15 6 0,68 0,73 0,80 0,88 0,93 0,99 0,80866  0,89492  1,02964  1,20966  1,34087  1,52368  X=0,748
3,50  3,55  3,60  3,65  3,70  3,75  3,80  3,85  3,90  3,95  4,00  4,05  4,10  4,15  4,20  33,1154  34,8138  36,5982  38,4747  40,4473  42,5211  44,7012  46,9931  49,4024  51,9354  54,5982  57,3975  60,3403  63,4340  66,6863  X1=3,478; X2=4,128; X3=3,563; X4=4,236;
3,0    3,1    3,2    3,3    3,4    3,5    25,0   29,4   34,4   40,4   47,6   56,0
56 6 14 4 0,11 0,15 0,21 0,29 0,35 0,40 9,05421  6,61659  4,69170  3,35106  2,73951  2,36522  X=0,254
0,115 0,120 0,125 0,130 0,135 0,140 0,145 0,150 0,155 0,160 0,165 0,170 0,175 0,180 8,65729  8,29329  7,95829  7,64893  7,36235  7,09613  6,84815  6,61659  6,39986  6,19658  6,00551  5,82558  5,65583  5,49543  X1=0,1107; X2=0,1728; X3=0,1232; X4=0,1864;
1      2      3      4      623    676    746    829
57 6 12 10 0,05 0,10 0,17 0,25 0,30 0,36 0,050042 0,100335 0,171657 0,255342 0,309336 2,376403 X=0,286
1,340 1,345 1,350 1,355 1,360 1,365 1,370 1,375 1,380 1,385 1,390 1,395 4,25562  4,35325  4,45522  4,56184  4,67344  4,79038  4,91306  5,04192  5,17744  5,32016  5,47069  5,62968  X1=1,3243; X2=1,3943; X3=1,3508; X4=1,4338;
5,0    5,1    5,2    5,3    5,4    5,5    5,6    5,7    5,8    5,9    1,78   1,84   1,90   1,96   2,03   2,09   2,15   2,22   2,28   2,35
58 7 12 10 0,62 0,67 0,74 0,80 0,87 0,96 0,99 0,537944 0,511709 0,477114 0,449329 0,418952 0,382893 0,371577 X=0,968
0,01  0,06  0,11  0,16  0,21  0,26  0,31  0,36  0,41  0,46  0,51  0,56  0,991824 0,951935 0,913650 0,876905 0,841638 0,807789 0,775301 0,744120 0,714198 0,685470 0,657902 0,631442 X1=0,072; X2=0,5328; X3=0,0037; X4=0,6106;
10     11     12     13     14     15     16     17     18     19     95     116    139    163    190    219    250    283    319    355
59 7 12 10 1,03 1,08 1,16 1,23 1,26 1,33 1,39 2,80107  2,94408  3,18993  3,42123  3,52542  3,78104  4,01485  X=1,356
0,15  0,16  0,17  0,18  0,19  0,20  0,21  0,22  0,23  0,24  0,25  0,26  4,4817   4,9530   5,4739   6,0496   6,6859   7,3891   8,1662   9,0250   9,9742   11,0232  12,1825  13,4637  X1=0,1329; X2=0,2458; X3=0,1723; X4=0,2734;
5,0    5,2    5,4    5,6    5,8    6,0    6,2    6,4    6,6    6,8    20,2   22,1   24,1   26,2   28,3   30,6   33,0   35,4   37,9   40,5
60 6 12 10 0,10 0,20 0,29 0,40 0,49 0,55 1,66448  1,66071  1,65734  1,65322  1,64987  1,64764  X=0,372
0,45  0,46  0,47  0,48  0,49  0,50  0,51  0,52  0,53  0,54  0,55  0,56  20,1946  19,6133  18,9425  18,1746  17,3010  16,3123  15,1984  13,9484  12,5508  10,9987  9,2647   7,3510   X1=0,4293; X2=0,5328; X3=0,4708; X4=0,5834;
7,0    7,1    7,2    7,3    7,4    7,5    7,6    7,7    7,8    7,9    41,2   42,6   43,9   45,3   46,8   48,2   49,6   51,1   52,6   54,1
61 6 11 10 0,43 0,48 0,55 0,62 0,70 0,75 1,63597  1,73234  1,87686  2,03345  2,22846  2,83973  X=0,465
1,415 1,420 1,425 1,430 1,435 1,440 1,445 1,450 1,455 1,460 1,465 0,888551 0,889599 0,890637 0,891667 0,892687 0,893698 0,894700 0,895693 0,896677 0,897653 0,898619 X1=1,4221; X2=1,4620; X3=1,4107; X4=1,4682;
1,0    1,1    1,2    1,3    1,4    1,5    1,6    1,7    1,8    1,9    0      5      9      13     17     20     24     26     29     32
62 6 11 10 0,02 0,08 0,12 0,17 0,23 0,30 1,02316  1,09590  1,14725  2,21483  2,30120  2,40976  X=0,168
0,101 0,106 0,111 0,116 0,121 0,126 0,131 0,136 0,141 0,146 0,151 1,26153  1,27644  1,29122  1,30617  1,32130  1,33660  1,35207  1,36773  1,38357  1,39959  1,41579  X1=0,1083; X2=0,1487; X3=0,1002; X4=0,1574;
2,0    2,2    2,4    2,6    2,8    3,0    3,2    3,4    3,6    3,8    1,20   1,38   1,58   1,82   2,09   2,40   2,80   3,17   3,64   4,18
63 6 11 10 0,35 0,41 0,47 0,51 0,56 0,64 2,73951  2,30080  1,96864  1,78776  1,59502  1,34310  X=0,447
0,15  0,20  0,25  0,30  0,35  0,40  0,45  0,50  0,55  0,60  0,65  0,860708 0,818731 0,778801 0,740818 0,704688 0,670320 0,637628 0,606531 0,576950 0,548812 0,522046 X1=0,1278; X2=0,6152; X3=0,2237; X4=0,6726;
0,1    0,2    0,3    0,4    0,5    0,6    0,7    0,8    0,9    1,0    1,91   3,03   3,98   4,82   5,59   6,31   7,00   7,65   8,27   8,88
64 6 12 10 0,41 0,46 0,52 0,60 0,65 0,72 2,57418  2,32513  2,09336  1,86203  1,74926  1,62098  X=0,487
0,180 0,185 0,190 0,195 0,200 0,205 0,210 0,215 0,220 0,225 0,230 0,235 5,61543  5,46698  5,32634  5,19304  5,06649  4,94619  4,83170  4,72261  4,61855  4,51912  4,42422  4,33337  X1=0,1898; X2=0,2263; X3=0,1834; X4=0,2407;
4,0    4,1    4,2    4,3    4,4    4,5    4,6    4,7    4,8    4,9    128    147    169    194    223    256    294    338    388    446
65 6 15 6 0,68 0,73 0,80 0,88 0,93 0,99 0,80866  0,89492  1,02964  1,20966  1,34087  1,52368  X=0,915
3,50  3,55  3,60  3,65  3,70  3,75  3,80  3,85  3,90  3,95  4,00  4,05  4,10  4,15  4,20  33,1154  34,8138  36,5982  38,4747  40,4473  42,5211  44,7012  46,9931  49,4024  51,9354  54,5982  57,3975  60,3403  63,4340  66,6863  X1=3,522; X2=4,176; X3=3,475; X4=4,250;
3,0    3,1    3,2    3,3    3,4    3,5    12,5   14,7   17,2   20,2   23,8   28,0
66 6 14 7 0,11 0,15 0,21 0,29 0,35 0,40 9,05421  6,61659  4,69170  3,35106  2,73951  2,36522  X=0,372
0,115 0,120 0,125 0,130 0,135 0,140 0,145 0,150 0,155 0,160 0,165 0,170 0,175 0,180 8,65729  8,29329  7,95829  7,64893  7,36235  7,09613  6,84815  6,61659  6,39986  6,19658  6,00551  5,82558  5,65583  5,49543  X1=0,1217; X2=0,1736; X3=0,1141; X4=0,1850;
2,1    2,2    2,3    2,4    2,5    2,6    2,7    6,5    7,0    7,6    8,2    8,8    9,4    10,0
67 6 12 6 0,05 0,10 0,17 0,25 0,30 0,36 0,050042 0,100335 0,171657 0,255342 0,309336 2,376403 X=0,154
1,340 1,345 1,350 1,355 1,360 1,365 1,370 1,375 1,380 1,385 1,390 1,395 4,25562  4,35325  4,45522  4,56184  4,67344  4,79038  4,91306  5,04192  5,17744  5,32016  5,47069  5,62968  X1=1,3617; X2=1,3921; X3=1,3359; X4=1,400;
4,0    4,1    4,2    4,3    4,4    4,5    1,23   1,28   1,33   1,38   1,44   1,49
68 7 12 6 0,62 0,67 0,74 0,80 0,87 0,96 0,99 0,537944 0,511709 0,477114 0,449329 0,418952 0,382893 0,371577 X=0,692
0,01  0,06  0,11  0,16  0,21  0,26  0,31  0,36  0,41  0,46  0,51  0,56  0,991824 0,951935 0,913650 0,876905 0,841638 0,807789 0,775301 0,744120 0,714198 0,685470 0,657902 0,631442 X1=0,027; X2=0,525; X3=0,008; X4=0,610;
1      2      3      4      5      6      61,0   66,0   71,2   79,6   82,0   87,7
69 7 12 6 1,03 1,08 1,16 1,23 1,26 1,33 1,39 2,80107  2,94408  3,18993  3,42123  3,52542  3,78104  4,01485  X=1,118
0,15  0,16  0,17  0,18  0,19  0,20  0,21  0,22  0,23  0,24  0,25  0,26  4,4817   4,9530   5,4739   6,0496   6,6859   7,3891   8,1662   9,0250   9,9742   11,0232  12,1825  13,4637  X1=0,1539; X2=0,2569; X3=0,1400; X4=0,2665;
4,0    4,1    4,2    4,3    4,4    4,5    64     73     85     97     112    128
70 6 12 6 0,10 0,20 0,29 0,40 0,49 0,55 1,66448  1,66071  1,65734  1,65322  1,64987  1,64764  X=0,248
0,45  0,46  0,47  0,48  0,49  0,50  0,51  0,52  0,53  0,54  0,55  0,56  20,1946  19,6133  18,9425  18,1746  17,3010  16,3123  15,1984  13,9484  12,5508  10,9987  9,2647   7,3510   X1=0,455; X2=0,5575; X3=0,440 X4=0,5674;
3,0    3,1    3,2    3,3    3,4    3,5    25,0   29,4   34,4   40,4   47,6   56,0
