1    3 (слева внизу)
2    1 (слева)
3    2 (справа вверху)
4.1  0.3704
4.2  0.0852
4.3  0.1
4.4  0.0852
5.1  3.7037
5.2  0.8519
5.3  1
5.4  0.8519
6    1
7.1  0.15927
7.2  0.01704
7.3  0.067
7.4  0.04686
8.1  0.8525
8.2  0.98296
8.3  0.93517
8.4  0.95421
8    0.74775
9.1  0.00102
9.2  0.00030
9.3  0.00008
9.4  0.00003
10.1 0.16029
10.2 0.01734
10.3 0.06708
10.4 0.04689
11.1 0.00275
11.2 0.00347
11.3 0.00075
11.4 0.00035
12.1 0.43275
12.2 0.20355
12.3 0.67076
12.4 0.55031
13   0.001412903
14   0.291583
15   0.01428
16   2.91582
